1000
3 46 147 966 
0 
3 642 722 868 
4 100 229 533 991 
2 378 560 
4 514 581 852 977 
2 480 559 
2 151 250 
2 287 338 
0 
0 
1 892 
3 536 759 861 
4 104 164 263 814 
0 
2 449 980 
3 632 859 987 
2 886 970 
2 271 484 
3 716 866 971 
0 
7 154 282 421 483 670 791 941 
3 256 512 837 
2 152 521 
2 113 968 
2 333 799 
7 121 282 291 366 451 640 754 
3 525 651 956 
3 197 372 740 
1 248 
2 900 908 
1 974 
2 204 783 
3 176 642 810 
3 109 259 937 
0 
1 652 
4 488 565 803 971 
1 236 
4 169 326 606 858 
3 304 505 591 
1 305 
1 447 
2 66 627 
3 223 514 832 
2 1 950 
3 114 210 277 
3 128 172 325 
0 
4 69 292 563 992 
0 
1 86 
1 378 
4 135 202 747 751 
1 244 
0 
2 311 933 
3 199 417 985 
6 98 249 296 487 794 942 
4 99 215 428 673 
2 811 882 
5 255 323 630 709 837 
1 704 
3 304 578 735 
2 77 599 
3 44 287 625 
3 182 527 961 
2 669 778 
2 50 738 
3 202 245 586 
2 143 333 
1 957 
4 91 214 782 995 
3 110 112 726 
0 
4 217 748 879 894 
2 65 283 
1 338 
1 720 
1 531 
3 412 580 738 
3 462 881 893 
1 670 
4 288 701 758 906 
1 98 
2 52 476 
2 848 917 
1 833 
0 
3 385 424 869 
8 73 261 661 710 722 784 923 929 
2 225 460 
2 728 866 
3 345 550 616 
0 
0 
3 272 321 708 
3 59 85 283 
4 60 168 472 542 
2 4 793 
1 519 
3 237 332 444 
3 209 281 577 
4 14 182 339 630 
0 
1 343 
4 292 445 575 745 
3 152 689 881 
6 35 160 333 602 693 725 
3 74 714 896 
0 
2 74 688 
2 25 128 
2 47 550 
2 517 782 
2 364 770 
1 400 
2 147 532 
2 506 839 
1 860 
3 27 220 625 
2 210 279 
3 280 374 394 
1 748 
2 748 855 
0 
0 
3 48 113 823 
2 250 324 
8 137 301 368 434 529 687 868 992 
2 354 716 
2 167 528 
0 
3 553 826 958 
2 54 661 
1 245 
1 130 
3 716 828 852 
0 
2 225 965 
2 212 285 
2 177 336 
3 71 344 800 
1 875 
0 
3 388 792 942 
4 1 118 727 971 
1 548 
0 
2 418 443 
2 8 490 
5 24 108 415 829 952 
1 801 
1 22 
2 454 574 
3 244 763 788 
1 293 
4 352 666 725 793 
3 303 594 748 
2 109 862 
2 323 493 
1 605 
1 795 
2 14 693 
4 302 310 515 634 
3 195 844 859 
3 132 174 741 
4 99 729 801 947 
1 40 
3 271 289 505 
2 967 996 
5 48 347 446 599 769 
1 272 
3 167 175 631 
1 174 
1 34 
1 142 
0 
1 599 
1 234 
5 186 748 819 878 912 
5 67 104 528 554 649 
2 311 404 
0 
0 
3 181 321 560 
1 288 
0 
4 236 737 825 890 
0 
0 
4 259 285 517 988 
2 219 518 
2 344 681 
3 166 258 408 
3 288 726 919 
2 29 737 
4 418 472 726 757 
2 58 451 
1 330 
0 
2 54 70 
2 230 403 
2 33 901 
2 335 980 
2 497 898 
3 702 930 941 
0 
4 103 341 620 644 
3 47 122 915 
1 849 
1 141 
1 389 
5 73 313 474 563 995 
4 60 543 713 778 
0 
1 76 
2 644 811 
3 193 338 724 
1 121 
0 
4 484 566 671 961 
1 45 
1 426 
3 92 140 232 
4 274 739 790 967 
1 718 
1 998 
2 4 449 
1 203 
2 427 970 
1 225 
0 
1 180 
4 458 654 837 900 
2 39 189 
1 102 
2 289 355 
1 310 
3 586 759 975 
1 406 
2 882 947 
2 283 799 
3 55 156 552 
3 70 136 962 
2 395 451 
3 634 661 809 
3 30 922 936 
2 59 565 
7 8 129 450 572 584 706 711 
0 
1 801 
0 
3 452 607 640 
2 62 431 
1 23 
0 
3 195 567 682 
3 35 192 600 
4 291 364 699 814 
2 91 664 
0 
1 14 
5 432 472 648 901 941 
2 424 641 
0 
0 
0 
0 
3 357 632 902 
4 19 170 288 617 
6 97 173 319 330 360 917 
2 380 774 
4 226 401 493 598 
2 743 951 
2 535 846 
4 47 316 593 634 
1 969 
2 122 949 
1 123 
2 103 901 
4 22 27 817 870 
5 77 98 243 648 867 
0 
3 141 192 324 
2 530 651 
3 9 66 409 
8 84 187 196 271 535 603 650 694 
3 170 238 386 
1 731 
7 27 260 368 432 607 723 731 
2 50 107 
2 157 820 
0 
1 320 
3 59 729 873 
3 327 328 478 
2 446 772 
3 772 812 957 
0 
3 130 476 699 
3 165 365 740 
2 159 654 
4 41 64 660 960 
3 42 588 906 
2 882 949 
2 563 676 
4 434 721 829 892 
0 
4 165 239 852 898 
4 57 183 633 880 
0 
3 214 433 716 
3 631 725 815 
1 917 
3 277 783 987 
0 
0 
1 272 
3 295 850 1000 
4 97 186 906 969 
0 
2 62 161 
5 129 285 545 684 832 
2 48 426 
2 40 832 
3 297 880 981 
2 297 975 
1 861 
2 200 272 
1 340 
2 102 391 
3 26 71 109 
1 342 
2 205 390 
1 142 
1 712 
4 9 78 219 585 
2 104 484 
3 331 394 664 
2 209 851 
1 334 
1 106 
4 143 194 481 684 
2 94 597 
2 512 723 
3 172 676 926 
0 
1 890 
0 
0 
3 158 378 803 
3 385 685 868 
3 131 820 924 
1 238 
0 
2 270 443 
1 642 
3 379 476 536 
1 272 
1 451 
3 690 758 803 
0 
2 116 260 
1 302 
1 27 
2 550 812 
2 130 291 
0 
1 734 
3 543 549 701 
2 29 498 
2 525 656 
2 123 439 
0 
0 
1 906 
4 5 53 352 951 
1 359 
1 273 
3 430 718 780 
0 
3 595 672 866 
0 
4 90 353 498 511 
2 289 961 
0 
2 146 741 
1 213 
5 335 467 512 729 987 
4 332 514 543 545 
0 
1 612 
4 123 340 499 984 
1 246 
0 
0 
1 519 
2 728 779 
3 117 639 937 
3 274 541 758 
1 921 
1 203 
2 183 783 
3 445 496 912 
2 241 873 
0 
2 195 596 
2 287 636 
0 
1 705 
2 81 523 
1 746 
0 
3 152 478 788 
0 
3 58 562 790 
2 150 198 
2 428 666 
1 526 
1 22 
0 
2 439 738 
4 90 265 669 934 
1 922 
3 224 325 852 
2 231 444 
2 60 419 
2 743 891 
2 381 959 
3 255 958 972 
4 264 291 619 947 
1 313 
2 130 308 
2 534 765 
0 
1 789 
2 587 986 
3 374 423 623 
1 627 
1 642 
0 
3 150 357 968 
3 102 427 890 
3 107 405 911 
3 172 298 706 
2 43 975 
3 666 775 973 
4 16 229 541 893 
3 250 881 987 
5 27 199 246 361 937 
1 254 
1 867 
2 155 957 
3 718 766 820 
4 574 735 772 832 
0 
2 235 652 
2 723 981 
2 92 940 
0 
1 82 
1 972 
1 952 
3 535 687 852 
1 817 
1 390 
2 545 914 
0 
1 697 
1 901 
4 99 198 264 828 
1 772 
3 214 646 743 
0 
3 86 301 359 
1 511 
2 297 415 
1 480 
2 7 479 
2 344 523 
0 
2 22 578 
5 19 222 339 509 689 
1 736 
0 
2 59 939 
2 38 979 
1 582 
2 151 536 
2 714 759 
1 679 
2 161 274 
1 540 
3 498 715 788 
1 405 
2 206 907 
4 372 385 495 844 
1 394 
2 712 908 
0 
2 690 741 
2 589 926 
2 798 869 
3 41 170 718 
3 119 565 602 
1 545 
1 857 
3 484 557 706 
4 597 783 926 979 
3 385 477 720 
3 23 346 390 
0 
4 6 45 391 898 
2 165 855 
2 685 756 
4 115 192 909 917 
2 193 553 
4 101 398 618 930 
0 
4 24 576 839 869 
0 
3 412 481 655 
2 614 897 
2 28 373 
2 420 684 
2 67 831 
3 132 182 669 
1 130 
1 286 
1 80 
1 118 
1 4 
2 435 907 
3 276 288 465 
5 13 359 490 744 951 
2 913 951 
2 648 946 
1 837 
2 494 900 
5 401 449 589 630 961 
1 99 
4 215 371 391 698 
0 
4 324 391 468 507 
0 
0 
3 148 572 601 
1 371 
4 94 114 367 767 
0 
1 244 
2 134 518 
3 182 797 978 
0 
2 758 857 
2 509 787 
1 619 
1 7 
2 5 186 
1 685 
1 417 
3 50 214 307 
1 865 
3 38 249 506 
1 222 
4 258 649 676 724 
1 768 
2 787 927 
1 694 
0 
2 250 548 
1 615 
2 155 456 
2 107 824 
2 521 900 
3 103 729 885 
3 64 483 965 
1 863 
2 81 728 
1 6 
3 489 654 827 
1 773 
2 250 926 
2 338 923 
2 70 240 
1 438 
2 305 814 
3 503 541 753 
3 730 755 784 
1 41 
1 701 
3 277 667 740 
2 159 995 
1 383 
2 408 844 
2 345 510 
2 274 996 
4 65 172 179 981 
1 259 
1 548 
3 109 506 773 
1 288 
0 
2 162 696 
1 40 
2 254 291 
0 
1 997 
0 
0 
3 393 770 962 
1 766 
1 524 
2 573 793 
1 94 
1 271 
1 519 
4 432 558 630 699 
1 209 
1 870 
0 
2 439 714 
1 866 
2 66 121 
0 
2 44 440 
0 
0 
6 62 104 541 619 761 913 
2 174 314 
2 17 270 
1 311 
4 165 247 277 785 
1 694 
1 409 
1 781 
0 
1 400 
3 27 254 798 
2 265 848 
7 3 34 358 441 837 955 997 
1 969 
4 209 218 901 933 
0 
2 474 808 
0 
3 264 283 538 
2 182 567 
1 288 
3 28 286 744 
3 37 458 986 
2 836 970 
3 235 303 582 
2 523 747 
1 373 
2 660 746 
3 727 889 933 
0 
4 304 657 938 948 
4 91 135 247 901 
2 865 990 
3 675 846 908 
2 261 340 
1 926 
3 158 419 448 
1 593 
0 
3 68 424 528 
2 22 83 
1 222 
1 383 
1 60 
0 
2 663 839 
3 307 347 567 
1 753 
2 782 920 
2 492 784 
1 973 
2 194 719 
1 258 
1 736 
3 324 344 526 
4 353 516 561 891 
1 913 
4 130 465 820 927 
1 112 
3 108 484 705 
3 362 502 710 
1 716 
0 
2 109 164 
4 288 570 635 697 
0 
1 605 
5 470 694 763 926 991 
1 543 
3 260 301 619 
1 766 
3 84 371 592 
1 207 
0 
1 63 
3 411 689 949 
3 250 446 509 
0 
2 97 987 
1 62 
3 91 690 909 
2 250 882 
2 337 500 
2 215 930 
4 110 491 623 944 
2 495 975 
5 20 131 138 313 691 
0 
4 227 381 455 505 
2 681 765 
2 79 511 
1 308 
2 3 91 
3 291 346 459 
3 219 567 874 
3 109 158 314 
4 74 196 198 858 
2 147 658 
4 93 399 580 845 
4 168 296 390 577 
1 590 
3 290 291 923 
0 
0 
2 370 894 
3 64 456 736 
3 485 683 735 
2 189 197 
4 69 81 423 946 
1 226 
3 29 302 593 
4 167 388 502 862 
0 
3 275 429 474 
2 536 651 
1 107 
3 413 657 801 
2 54 655 
6 76 124 125 159 181 889 
0 
0 
2 54 801 
1 950 
3 589 677 993 
1 27 
1 590 
1 516 
1 198 
6 84 362 401 556 764 926 
3 13 240 491 
0 
1 630 
1 772 
2 156 697 
1 758 
4 435 719 803 980 
3 455 613 700 
1 550 
1 568 
1 172 
2 116 612 
0 
5 298 299 456 473 762 
2 583 602 
1 273 
1 448 
1 868 
0 
2 68 215 
1 399 
2 381 992 
1 637 
4 73 115 678 891 
5 33 316 404 510 984 
4 91 590 679 949 
1 634 
1 943 
4 557 569 841 848 
4 156 415 495 818 
2 437 800 
2 226 417 
2 22 939 
2 146 837 
4 100 158 615 917 
1 59 
1 163 
0 
2 554 824 
2 504 640 
2 26 243 
2 143 789 
5 153 168 252 746 751 
0 
5 38 352 362 765 910 
0 
0 
0 
0 
1 646 
1 247 
1 34 
2 61 218 
4 299 367 920 1000 
0 
3 14 260 588 
1 314 
0 
2 282 466 
2 788 848 
1 181 
5 293 354 455 687 871 
1 932 
2 900 993 
1 128 
2 575 797 
2 189 832 
3 134 864 921 
1 582 
2 138 472 
2 152 308 
0 
1 527 
5 45 324 326 456 825 
2 88 891 
0 
1 907 
1 653 
6 23 62 235 539 642 792 
0 
3 119 521 675 
1 974 
1 787 
0 
0 
3 166 498 596 
1 728 
2 276 663 
0 
4 87 641 787 818 
2 211 875 
1 320 
2 341 895 
6 6 138 310 426 465 1000 
1 876 
0 
2 125 515 
0 
3 508 556 950 
2 40 726 
3 17 166 990 
1 120 
2 13 329 
3 160 741 986 
1 579 
1 826 
2 564 662 
4 20 93 383 624 
2 283 453 
4 3 130 353 776 
3 90 504 521 
3 282 621 932 
1 820 
1 972 
2 296 406 
1 724 
2 144 849 
1 853 
1 962 
1 181 
1 76 
3 311 327 886 
3 82 108 450 
4 61 242 306 711 
0 
0 
2 577 935 
2 18 880 
0 
0 
2 658 748 
4 189 349 444 924 
4 429 685 782 833 
3 12 308 896 
2 82 449 
2 76 734 
2 851 979 
3 110 892 946 
1 524 
3 206 310 514 
0 
5 31 235 540 576 822 
6 204 264 281 471 644 661 
1 270 
1 970 
0 
0 
4 84 305 321 377 
3 497 534 835 
3 31 500 663 
2 517 710 
1 803 
2 445 990 
2 181 405 
3 537 630 686 
4 468 930 935 947 
2 210 948 
0 
5 87 272 315 517 793 
0 
1 196 
2 678 812 
2 402 826 
2 248 425 
4 91 585 731 948 
2 354 890 
0 
8 347 503 510 584 665 697 758 976 
2 569 687 
0 
1 91 
4 207 519 713 914 
0 
2 821 870 
3 57 644 658 
2 424 974 
2 885 914 
2 248 942 
3 35 400 451 
1 660 
2 487 791 
1 460 
3 22 207 264 
3 59 146 936 
2 786 998 
1 714 
0 
3 538 738 896 
4 168 242 432 914 
3 660 915 923 
4 279 306 705 784 
3 46 752 857 
4 275 378 536 537 
2 152 464 
0 
0 
2 642 957 
1 28 
5 72 299 454 955 979 
2 134 431 
1 430 
1 304 
4 67 222 386 541 
3 245 612 877 
1 964 
1 963 
2 140 578 
2 1 991 
2 171 226 
2 25 443 
3 278 321 643 
4 18 231 653 903 
3 20 38 147 
3 431 463 872 
2 448 680 
3 32 840 934 
4 240 328 447 715 
1 926 
1 6 
1 554 
4 488 510 895 957 
3 16 205 765 
3 327 459 599 
0 
0 
2 394 783 
1 58 
3 438 652 862 
5 17 316 390 450 708 
1 192 
0 
3 662 859 911 
3 4 697 966 
3 50 130 780 
2 753 822 
0 
3 73 214 594 
2 171 598 
2 609 642 
2 228 943 
0 
3 320 812 852 
